             svc_accuracy    svc_f1  sota_accuracy   sota_f1
car_model                                                   
Other            0.946593  0.945892       0.738490  0.738340
audi             0.900000  0.898680       0.650000  0.652652
bmw              0.966667  0.963397       0.660000  0.656797
ford             1.000000  1.000000       1.000000  1.000000
kia              1.000000  1.000000       0.500000  0.500000
lexus            0.960000  0.956488       0.880000  0.869463
lucid            1.000000  1.000000       1.000000  1.000000
mazda            1.000000  1.000000       1.000000  1.000000
mercedes         0.918367  0.918135       0.755102  0.758006
nan              1.000000  1.000000       0.000000  0.000000
nissan           1.000000  1.000000       0.000000  0.000000
porsche          0.935484  0.934759       0.741935  0.759188
range rover      1.000000  1.000000       1.000000  1.000000
skoda            1.000000  1.000000       1.000000  1.000000
tesla            1.000000  1.000000       1.000000  1.000000
toyota           0.857143  0.795918       0.571429  0.587755
volkswagen       0.916667  0.906566       0.666667  0.666667
volvo            0.942857  0.942857       0.857143  0.838442