             svc_accuracy    svc_f1  sota_accuracy   sota_f1
topic                                                       
Other            0.946237  0.945251       0.734409  0.733238
battery          1.000000  1.000000       1.000000  1.000000
design           0.750000  0.766667       0.500000  0.500000
fuel             1.000000  1.000000       1.000000  1.000000
nan              1.000000  1.000000       0.000000  0.000000
performance      1.000000  1.000000       0.875000  0.859848
price            0.850000  0.859139       0.450000  0.451946
range            1.000000  1.000000       0.888889  0.855253
reliability      0.800000  0.786667       0.600000  0.600000